-1.17343127381017 1.667909764491027E-002 -1.191073600074208E-003 2.412725221446055E-004 1.484545239407006E-004
1.05663772239830 4.853192005618667E-002 1.457270709747225E-002 -6.512366982153934E-007 -1.055275140309635E-004
3.17454541550206 8.815913254097595E-002 5.865056034425038E-002 -6.533357177128664E-005 -1.061936459157088E-004
-2.60824702534779 -3.237894784948252E-002 -6.319524076100827E-002 2.147743764504157E-004 6.945128500048745E-005
-4.19715575780482 -6.678589050138468E-002 -9.676841283230546E-002 2.335312875752295E-004 9.191707060728553E-005
-1.12354005258381 -2.312092007178172E-003 -5.133673270317784E-002 1.480620193295882E-004 -7.090941288012509E-005
0.632052607757951 4.311777918551202E-002 2.179373037200113E-002 7.813928006309311E-005 1.615337098252752E-005
0.398476288711986 -2.502227217119703E-002 1.125364892302889E-002 -1.383456946964087E-004 5.671131744295769E-006
-0.178166571711803 2.970923632305590E-002 -1.846517825011546E-003 1.201664771183047E-004 2.778025424577892E-005
-0.555798037230514 -5.255672453878295E-002 -1.734417205394492E-003 -8.894239739026466E-005 5.891094956968082E-005
0.107249958296256 -2.151772706302042E-002 -1.211495683847207E-002 -1.119788368420593E-004 -5.553817073585097E-005
0.662431556093608 6.335858832425399E-003 1.072295542348535E-002 -4.608857257901840E-005 -4.861734029204847E-005
0.628093569276302 6.443067362521417E-002 1.762869311304672E-002 1.157590463422099E-004 1.422303029148656E-005
0.776446969547185 -3.216749897846678E-002 -2.408637013193899E-004 -2.175535635383140E-004 -9.749712764224487E-005
-1.22007429581033 -3.548020168158180E-003 -9.036668175565296E-003 1.591440917531192E-004 9.230738907897632E-005
-2.10636747064851 -2.317089515649841E-002 -3.865524817465276E-002 2.018597071719322E-004 7.965719522967594E-005
-0.359490202038347 -1.903394616826012E-002 1.153503241958178E-002 -1.968409160146465E-006 1.147354936365422E-004
-5.832140730237555E-002 -6.873736006044417E-003 1.403802784065527E-003 -4.418160811210619E-006 7.722656509010272E-007
-2.13294418447415 -2.026110614276783E-002 -4.316363000955629E-002 1.763166537502348E-004 6.387975127742511E-005
-0.168981400471734 4.746902713189283E-002 2.135592306453182E-002 1.878771152100390E-004 1.133820984419184E-004
0.274619929502265 1.662302702908149E-002 2.051986212883063E-003 -1.437224913915049E-006 -5.267146456668742E-005
-0.173922008818304 2.404186050901743E-003 9.117455078314893E-003 3.836577540419191E-005 5.493273921377731E-005
-2.71989310286145 -2.304415830639815E-002 -8.627476538287956E-002 2.708978936996534E-004 2.652182615964821E-005
1.41712877451996 -5.731223446956812E-003 3.653182113172932E-002 -2.475175408225146E-004 -3.049912585226084E-005
0.522025928163386 4.099593542873510E-003 -1.785642293233688E-003 -5.023808942514161E-005 -5.172226698870080E-005
1.932251075266672E-002 3.619907853026499E-002 4.748971991988680E-003 1.262324654864087E-004 2.350463518895970E-005
-1.548561395579220E-002 -1.941639118880479E-002 6.118362629486246E-003 -5.791984663623051E-005 2.056202572954248E-005
-6.279098052794359E-002 -3.525902218204125E-002 -1.433324266283730E-002 -1.271091375221159E-004 -5.036322928862495E-005
0.776088358290372 -5.928542855703907E-002 2.799935553968052E-002 -3.271676836091965E-004 2.001421121337605E-005
0.379651595950883 -2.191906632637390E-002 1.116892937964902E-002 -1.474949079567389E-004 1.435944762934652E-005
-3.193558801485114E-002 1.211876538073434E-003 1.072255601859604E-002 1.343806595665966E-005 5.197300472019532E-005
0.188674260435341 3.412832235205573E-002 9.009864911090699E-002 1.142678501558212E-004 3.860085255640474E-004
-0.340260402128014 2.363617421842734E-003 5.255959053665109E-003 7.356866780819057E-005 6.630840210169691E-005
-2.06239922935040 3.077429253777034E-002 -4.523874080672344E-002 4.131070263957604E-004 4.468105217035355E-005
-0.324975358272418 1.738455148538908E-002 4.905953358179732E-003 1.259840336511203E-004 4.392093290884109E-005
-0.487103206878889 2.102604468840946E-002 1.679633470566192E-002 1.744033121255746E-004 1.193230506356557E-004
2.91385744085434 3.429139597993257E-002 2.166433319850166E-002 -2.329770796772723E-004 -2.279732317403239E-004
0.412791866945456 -4.740031633749486E-002 1.370496690848515E-003 -2.259221525097867E-004 -1.655596702856270E-005
-0.210531228795323 1.123218972750247E-002 -1.629948454132717E-002 5.532979245951785E-005 -5.575135527547152E-005
-4.05820459828732 2.785870387290472E-002 -4.781808517558209E-002 6.672652805213933E-004 2.329094426586824E-004
0.870108833804859 9.643661275621293E-003 8.918172321575093E-003 -7.302091512757654E-005 -4.823564245375651E-005
-0.732925260893901 -8.571869887907854E-002 -6.729047512372981E-003 -1.960716802544697E-004 6.071312381963997E-005
1.55498189278080 7.002877533252050E-002 3.860199345429768E-002 2.904069166904651E-005 -3.406023842261829E-005
-0.496442087751056 2.935516877796520E-002 8.240602579181888E-003 2.043671146048435E-004 1.094531626935143E-004
0.729129564440038 1.402246594433945E-003 3.203692442570197E-003 -9.166843829732495E-005 -5.711240068918142E-005
0.568399665780378 4.619379123484989E-002 2.922504282193577E-002 8.440174193430164E-005 1.431729538895302E-005
1.625048707789067E-002 -5.839550001610353E-003 7.797259842394292E-003 -5.794634185842958E-006 1.677917796335293E-005
-0.532774648166254 -4.596501203917002E-003 -2.409985441200202E-002 4.219670368387111E-005 -2.915670933042900E-005
-1.099284011403870E-004 -1.852760807027156E-002 -1.769418185896398E-002 -8.159984334276565E-005 -7.574322333040165E-005
-0.397732589562140 5.530221555412772E-002 1.520945455822847E-002 2.755107390031361E-004 1.107617677224815E-004
0.342889671559797 2.063816731171181E-002 1.266536047781761E-002 1.616920859230642E-005 5.235827851429962E-006
-0.554321017649380 -5.541030695955914E-003 -3.177469624201897E-002 4.824099086212838E-005 -3.611379181277030E-005
0.514202658052371 1.149771474757813E-002 1.428472613189497E-002 -2.932199122605042E-005 3.694787331732253E-006
0.648923899943796 2.697785719337000E-002 3.680913088593170E-002 1.622116699497935E-005 5.511665937701154E-005
0.495224950969778 -5.350447999044564E-002 1.482751887643816E-002 -2.699379754895645E-004 6.221776588019733E-006
-0.329144227610980 4.165986537653958E-003 -2.563193317462673E-003 6.888719113890817E-005 3.762815974514697E-005
-1.51860947842744 -6.541727253249681E-002 -3.890600451460415E-002 -3.105388182968314E-005 2.065804007216993E-005
7.840392692355229E-003 -1.999089276157814E-002 -4.980725943003859E-003 -8.814013188706321E-005 -2.972518425866956E-005
