1 SNP1 120183 0 0
1 SNP2 135098 9.4e-05 6.71e-05
1 SNP3 158820 0.000188 0.0001345
1 SNP4 183040 0.000282 0.0002019
1 SNP5 208728 0.000376 0.0002693
1 SNP6 267940 0.000498727 0.0003525
1 SNP7 278952 0.000621454 0.0004357
1 SNP8 290690 0.000744181 0.0005189
1 SNP9 309487 0.000866908 0.0006021
1 SNP10 393248 0.001035187 0.0007128
1 SNP11 1413044 0.001203466 0.000822821
1 SNP12 458718 0.001371745 0.000932861
1 SNP13 471078 0.001529642 0.001039579
1 SNP14 473223 0.001687539 0.001146297
1 SNP15 516404 0.001881279 0.001253033
1 SNP16 533815 0.002133142 0.001393639
1 SNP17 555049 0.002385005 0.001534245
1 SNP18 571340 0.002650124 0.001681292
1 SNP19 602066 0.002915243 0.001838882
1 SNP20 654881 0.003180362 0.001986565
1 SNP21 819621 0.003447225 0.002133281
1 SNP22 845494 0.003693145 0.00226212
1 SNP23 866012 0.003939065 0.002390959
1 SNP24 883895 0.004213254 0.002537911
1 SNP25 906528 0.004487443 0.002685262
1 SNP26 929617 0.004741143 0.00282031
1 SNP27 950841 0.004995176 0.00296167
1 SNP28 974586 0.005222328 0.00310257
1 SNP29 1009504 0.00539876 0.003223829
1 SNP30 1039814 0.00562082 0.003368677
1 SNP31 1114422 0.005763875 0.003519334
1 SNP32 1143137 0.00590693 0.003669667
1 SNP33 1189382 0.006051057 0.003831171
1 SNP34 1209308 0.00619109 0.003995676
1 SNP35 1234172 0.006340142 0.00415378
1 SNP36 1264369 0.006480282 0.00430734
1 SNP37 1288510 0.006621458 0.00445433
1 SNP38 1289881 0.006762634 0.00460132
1 SNP39 1336351 0.006917052 0.004731804
1 SNP40 1359951 0.007089245 0.004916891
1 SNP41 1376932 0.007261438 0.005101179
1 SNP42 1385605 0.007514827 0.005331271
1 SNP43 1397493 0.007768216 0.005561363
1 SNP44 1436503 0.008081349 0.005801314
1 SNP45 1450025 0.00839504 0.00604844
1 SNP46 1470297 0.008708731 0.006290039
1 SNP47 1492106 0.009022422 0.006531649
1 SNP48 1513277 0.009266559 0.006724832
1 SNP49 1529411 0.009510696 0.006918015
1 SNP50 1582828 0.009703871 0.007102503
1 SNP51 1603944 0.009887997 0.00726793
1 SNP52 1650994 0.010072123 0.007433357
1 SNP53 1668494 0.01026112 0.007601784
1 SNP54 1673525 0.010516363 0.00781678
1 SNP55 1760113 0.010735066 0.008016295
1 SNP56 1782724 0.010952655 0.008211298
1 SNP57 1819322 0.011170244 0.008406301
1 SNP58 1851399 0.011383312 0.00859994
