1777663 2002202200020000020002222200200022002022022022022222202000
1777663 2222220220220200222220202200022022000202222020222002202022
2030712 2002202200020000020002222200200022002022022022022222202000
2030712 0222202200200022220020202200200020002200020002222002202002
2045243 0222202020020200022000200200200220002200202020222200002002
2045243 0222202020020200022000200200200220002200202020222200002002
2053683 2002202200020000020002222200200022002022022022022222202000
2053683 0222220200220200020220020200200020002200202022202002002000
2063056 2002202200020000020002222200200022002022022022022222202000
2063056 2002202200220220020020200022200022002200202020222002000200
2083329 2002202200220220020020200022200022002200202020222002000200
2083329 2222202220220220222220202022200022002200202022222002002022
2091842 2002202200020000020002222200200022002022022022022222202000
2091842 2002202200020000020002222200200022002022022022022222202000
2115161 0222202200200022220020202200200020002200020002222002200200
2115161 0222202220202000022020220200200222002200202020222002002002
2122624 0222202200200022220020202200200020002200020002222002202002
2122624 0222202200200022220020202200200020002200020002222002200200
2139561 0222202200200000020000222200200022002200022022222202202002
2139561 0222202200200000020000222200200022002200022022222202202002
2150768 0222202200200000020000222200200022002200022022222202202002
2150768 0222202200200000020000222200200022002200022022222202202002
2169808 2002202200020000020002222200200022002022022022022222202000
2169808 2000002020202000022220020202200002002200020002022202202002
2173521 2002202200020000020002222200200022002022022022022222202000
2173521 2222002220200022220200200200202022000202020200200000022002
2182730 0220002022002000022000022200022022002200202020022202202002
2182730 0222202020020200022000202200000022002200202020022002002002
2190314 0222202200200022220020202200200020002200020002222002202002
2190314 0220002020200022222020020200200020002200202020200000022002
2214369 0222202200200000020000222200200022002200022022222202202002
2214369 0222202200200000020000222200200022002200022022222202202002
2244440 0222220200220200022220020020200222002200202002222202202002
2244440 0222220200220200020220020200200020002200202022202002002000
2253944 0222202200200000020000222200200022002200022022222202202002
2253944 0222202200200000020000222200200022002200022022222202202002
2268981 0222202200200022220020202200200020002200020002222002202002
2268981 0022202220020200020020220200200222002200202020200000022000
2269075 2002220220200022222202022220200222220002022022000202222200
2269075 2002202200020000020002222200200022002022022022022222202000
2302821 0222202200200000020000222200200022002200022022222202202002
2302821 0222202200200000020000222200200022002200022022222202202002
2302850 0220002020200022222020020200200020002200202020200000022002
2302850 2002202200020000020002222200200022002022022022022222202000
2308470 0222202200200022220020202200200020002200020002222002202002
2308470 2002000220202000220000202200000022002200202020222202202002
2319123 0222202200220200020220020200200222002200202020222202202002
2319123 0222202020020200022000200200200220002200202020222200002002
2322115 2002020220202000022000200022200022002200202020200000022002
2322115 2222202020220022222220202022200220002200202022202202222002
2325914 0222202200200022220020202200200020002200020002222002202002
2325914 0222202020020200022000202200000022002200202020022002002002
2330814 2002200220220200022000200022200222002200202020200000022002
2330814 2002200220220200022000200022200222002200202020200000022002
2338285 0222202200200022220020202200200020002200020002222002202002
2338285 0220002020200022222020020200200020002200202020200000022002
2342231 2002220220200022222202022220200222220002022022000202222200
2342231 2002202200020222002020200200002222002200202020222000000002
